ID,Artigo,Sentencas,Titulo,DOI
1,10393,"Multi-element-doped BaBi0.05Zr0.1Co0.85-xNbxO3-delta(x = 0 or 0.05, and denoted as BBZC, BBZCN, respectively) perovskite oxides are fabricated and the phase composition, electrical conductivity, thermal expansion, and electrochemical performance are investigated.",Comparative studies of BaBi0.05Zr0.1Co0.85-xNbxO3-δ(x=0 and 0.05) as cathodes for intermediate-temperature solid oxide fuel cells,10.1007/s10854-020-03734-8
2,10393,"With 5% Nb substitution, BBZCN exhibits improved phase structure and a reduced thermal expansion coefficient.",Comparative studies of BaBi0.05Zr0.1Co0.85-xNbxO3-δ(x=0 and 0.05) as cathodes for intermediate-temperature solid oxide fuel cells,10.1007/s10854-020-03734-8
3,10393,The BBZC and BBZCN cathodes exhibited chemical compatibility with the La0.9Sr0.1Ga0.8Mg0.2O3-delta(LSGM) electrolyte.,Comparative studies of BaBi0.05Zr0.1Co0.85-xNbxO3-δ(x=0 and 0.05) as cathodes for intermediate-temperature solid oxide fuel cells,10.1007/s10854-020-03734-8
4,10393,The area-specific resistances of the BBZC and BBZCN cathodes are 0.021 and 0.023 ohm cm(2)with LSGM electrolyte at 800 degrees C.,Comparative studies of BaBi0.05Zr0.1Co0.85-xNbxO3-δ(x=0 and 0.05) as cathodes for intermediate-temperature solid oxide fuel cells,10.1007/s10854-020-03734-8
5,10393,"The peak power densities of 515 and 566 mW cm(-2)are obtained from single cell with BBZC and BBZCN cathodes at 800 degrees C, respectively.",Comparative studies of BaBi0.05Zr0.1Co0.85-xNbxO3-δ(x=0 and 0.05) as cathodes for intermediate-temperature solid oxide fuel cells,10.1007/s10854-020-03734-8
6,10393,These results indicate that BBZC and BBZCN perovskite oxides will be a promising candidate as a cathode material for intermediate-temperature solid oxide fuel cells (IT-SOFCs).,Comparative studies of BaBi0.05Zr0.1Co0.85-xNbxO3-δ(x=0 and 0.05) as cathodes for intermediate-temperature solid oxide fuel cells,10.1007/s10854-020-03734-8
