ID,Artigo,Sentencas,Titulo,DOI
1,13761,"A long-term stability study of an anode-supported NiO/YSZ-YSZ-LSM/YSZ microtubular cell was performed, under low fuel utilization conditions, using pure humidified hydrogen as fuel at the anode side and air at the cathode side.",Long-Term Stability Studies of Anode-Supported Microtubular Solid Oxide Fuel Cells,10.1002/fuce.201300063
2,13761,"A first galvanometric test was performed at 766 degrees C and 200mAcm(-2), measuring a power output at 0.5V of approximate to 250mWcm(-2).",Long-Term Stability Studies of Anode-Supported Microtubular Solid Oxide Fuel Cells,10.1002/fuce.201300063
3,13761,"During the test, some electrical contact breakdowns at the anode current collector caused sudden current shutdowns and start-up events.",Long-Term Stability Studies of Anode-Supported Microtubular Solid Oxide Fuel Cells,10.1002/fuce.201300063
4,13761,"In spite of this, the cell performance remains unchanged.",Long-Term Stability Studies of Anode-Supported Microtubular Solid Oxide Fuel Cells,10.1002/fuce.201300063
5,13761,"After a period of 325h, the cell temperature and the current density was raised to 873 degrees C and 500mAcm(-2), and the cell power output at 0.5V was approximate to 600mWcm(-2).",Long-Term Stability Studies of Anode-Supported Microtubular Solid Oxide Fuel Cells,10.1002/fuce.201300063
6,13761,"Several partial reoxidation events due to disturbance in fuel supply occurred, but no apparent degradation was observed.",Long-Term Stability Studies of Anode-Supported Microtubular Solid Oxide Fuel Cells,10.1002/fuce.201300063
7,13761,"On the contrary, a small increase in the cell output power of about 4%/1,000h after 654h under current load was obtained.",Long-Term Stability Studies of Anode-Supported Microtubular Solid Oxide Fuel Cells,10.1002/fuce.201300063
8,13761,The excellent cell aging behavior is discussed in connection to cell configuration.,Long-Term Stability Studies of Anode-Supported Microtubular Solid Oxide Fuel Cells,10.1002/fuce.201300063
9,13761,"Finally, the experiment concluded when the cell suffered irreversible damage due to an accidental interruption of fuel supply, causing a full reoxidation of the anode support and cracking of the thin YSZ electrolyte.",Long-Term Stability Studies of Anode-Supported Microtubular Solid Oxide Fuel Cells,10.1002/fuce.201300063
