ID,Artigo,Sentencas,Titulo,DOI
1,2632,Layered GdBa0.5Sr0.5CoCuO5+delta(GBSCCu) perovskite oxide is synthesised using an ethylenediaminetetraacetic acid (EDTA)-citrate combined method.,Layered perovskite GdBa0.5Sr0.5CoCuO5+δ as cathode material for intermediate-temperature solid oxide fuel cells,10.1179/1432891714Z.000000000670
2,2632,Electrochemical performances are investigated as a novel cathode material for intermediate-temperature solid oxide fuel cells.,Layered perovskite GdBa0.5Sr0.5CoCuO5+δ as cathode material for intermediate-temperature solid oxide fuel cells,10.1179/1432891714Z.000000000670
3,2632,The cathode GBSCCu chemical compatibility with Gd0.1Ce0.9O1.95 (GDC) electrolyte is examined below 950 degrees C.,Layered perovskite GdBa0.5Sr0.5CoCuO5+δ as cathode material for intermediate-temperature solid oxide fuel cells,10.1179/1432891714Z.000000000670
4,2632,The electrical conductivity value of the GBSCCu sample reaches a maximum of 147 Scm(-1) at 750 degrees C in air.,Layered perovskite GdBa0.5Sr0.5CoCuO5+δ as cathode material for intermediate-temperature solid oxide fuel cells,10.1179/1432891714Z.000000000670
5,2632,The thermal expansion coefficient of the GBSCCu sample is 16.9 x 10(-6) K-1 between 30 degrees C and 900 degrees C.,Layered perovskite GdBa0.5Sr0.5CoCuO5+δ as cathode material for intermediate-temperature solid oxide fuel cells,10.1179/1432891714Z.000000000670
6,2632,The polarisation resistance of GBSCCu on the GDC electrolyte is 0.102 Omega cm(2) at 800 degrees C.,Layered perovskite GdBa0.5Sr0.5CoCuO5+δ as cathode material for intermediate-temperature solid oxide fuel cells,10.1179/1432891714Z.000000000670
7,2632,The maximum power density of a single cell with a GBSCCu-GDC composite cathode on the 300 mu m thick GDC electrolyte reaches 402 mW cm(-2).,Layered perovskite GdBa0.5Sr0.5CoCuO5+δ as cathode material for intermediate-temperature solid oxide fuel cells,10.1179/1432891714Z.000000000670
8,2632,These results indicate that GBSCCu is a potential cathode material for GDC electrolyte intermediate-temperaturte solid oxide fuel cells(IT-SOFCs).,Layered perovskite GdBa0.5Sr0.5CoCuO5+δ as cathode material for intermediate-temperature solid oxide fuel cells,10.1179/1432891714Z.000000000670
