ID,Artigo,Sentencas,Titulo,DOI
1,7144,"The effect of the integration of Solid Oxide Fuel Cell (SOFC) technology in a sugar ethanol factory on the environmental profile/footprint of the products (sugar, ethanol, electricity) is evaluated.",Integration of Solid Oxide Fuel Cell in a sugar-ethanol factory: analysis of the efficiency and the environmental profile of the products,10.1016/j.jclepro.2011.04.018
2,7144,"The sugarcane is the primary feedstock and sugar, ethanol and electricity are the main products of the system, where the functional unit is defined as 9.86 ton/h of sugar, 2.195 ton/h of hydrated ethanol (96% w/w) and 847 kWh of electricity.",Integration of Solid Oxide Fuel Cell in a sugar-ethanol factory: analysis of the efficiency and the environmental profile of the products,10.1016/j.jclepro.2011.04.018
3,7144,A detailed set of material and energy inputs and outputs was obtained from a local factory and was completed using simulation data by Aspen Plus (R).,Integration of Solid Oxide Fuel Cell in a sugar-ethanol factory: analysis of the efficiency and the environmental profile of the products,10.1016/j.jclepro.2011.04.018
4,7144,"The environmental impacts (greenhouse gases and air pollution), exergy efficiency and a renewability parameter have been considered as indicators for the comparative assessment with conventional sugar, ethanol and electricity production technologies.",Integration of Solid Oxide Fuel Cell in a sugar-ethanol factory: analysis of the efficiency and the environmental profile of the products,10.1016/j.jclepro.2011.04.018
5,7144,The results show that the use of a SOFC technology involves a reduction of greenhouse gas emissions (52-55%) and non-renewable resources (60-64%) when compared with the conventional integrated sugar and ethanol plant.,Integration of Solid Oxide Fuel Cell in a sugar-ethanol factory: analysis of the efficiency and the environmental profile of the products,10.1016/j.jclepro.2011.04.018
6,7144,The higher renewability index (0.93) and exergy efficiency (38%) are noticed for the Solid Oxide Fuel Cell technology integrated in the sugar ethanol factory than conventional sugar ethanol plant.,Integration of Solid Oxide Fuel Cell in a sugar-ethanol factory: analysis of the efficiency and the environmental profile of the products,10.1016/j.jclepro.2011.04.018
7,7144,(C) 2011,Integration of Solid Oxide Fuel Cell in a sugar-ethanol factory: analysis of the efficiency and the environmental profile of the products,10.1016/j.jclepro.2011.04.018
8,7144,Elsevier Ltd.,Integration of Solid Oxide Fuel Cell in a sugar-ethanol factory: analysis of the efficiency and the environmental profile of the products,10.1016/j.jclepro.2011.04.018
9,7144,All rights reserved.,Integration of Solid Oxide Fuel Cell in a sugar-ethanol factory: analysis of the efficiency and the environmental profile of the products,10.1016/j.jclepro.2011.04.018
