ID,Artigo,Sentencas,Titulo,DOI
1,8536,La06Sr04Co02Fe08O3-delta (LSCF) is recognized as one of the most promising cathode materials for the highly-desired intermediate-temperature solid oxide fuel cell (IT-SOFC) technology.,Enhanced electrochemical performance of La0.6Sr0.4Co0.2Fe0.8O3-δ cathode via Ba-doping for intermediate-temperature solid oxide fuel cells,10.1007/s12274-021-3972-0
2,8536,"However, it is still challenged by polarization losses due to reduced operation temperatures.",Enhanced electrochemical performance of La0.6Sr0.4Co0.2Fe0.8O3-δ cathode via Ba-doping for intermediate-temperature solid oxide fuel cells,10.1007/s12274-021-3972-0
3,8536,"In this work, a series of Ba2+-doped La0.6-xBaxSr0.4Co0.2Fe0.8O3-delta (LBSCFx, x = 0.05, 0.10, 0.15, and 0.20) materials are successfully synthesized and their electrochemical performances are evaluated as a cathode for IT-SOFC technology.",Enhanced electrochemical performance of La0.6Sr0.4Co0.2Fe0.8O3-δ cathode via Ba-doping for intermediate-temperature solid oxide fuel cells,10.1007/s12274-021-3972-0
4,8536,"The study shows that, compared to the un-doped LSCF, the Ba2+-doped LBSCF possess higher electrical conductivities at 500-800 degrees C and display lower polarization resistances to oxygen adsorption/dissociation.",Enhanced electrochemical performance of La0.6Sr0.4Co0.2Fe0.8O3-δ cathode via Ba-doping for intermediate-temperature solid oxide fuel cells,10.1007/s12274-021-3972-0
5,8536,"As a result, the Ni-SDC|SDC|LBSCF0.20 cell (SDC = samarium-doped cerium, Sm0.2Ce0.8O1.9) delivers a high maximum power density of 0.704 W/cm(2) at 750 degrees C, which is > 30% higher than the Ni-SDC|SDC|LSCF cell.",Enhanced electrochemical performance of La0.6Sr0.4Co0.2Fe0.8O3-δ cathode via Ba-doping for intermediate-temperature solid oxide fuel cells,10.1007/s12274-021-3972-0
6,8536,"This work reveals that Ba2+-doping is effective in enhancing oxygen catalytic activity of LSCF-based cathode materials, demonstrating a new and commercial-feasible strategy in developing high performance cathode materials for the IT-SOFC technology.",Enhanced electrochemical performance of La0.6Sr0.4Co0.2Fe0.8O3-δ cathode via Ba-doping for intermediate-temperature solid oxide fuel cells,10.1007/s12274-021-3972-0
