ID,Artigo,Sentencas,Titulo,DOI
1,997,"In this study, a dynamic analysis model for integrated gasification fuel cell (IGFC) power generation was developed and the dynamic characteristics of electric power output by the system were investigated.",Study on the dynamic characteristics of an integrated coal gasification fuel cell combined cycle,10.1016/j.ijhydene.2015.09.009
2,997,"Using the proposed analytical model, the study addressed the frequency deviation of electric power output, the inertia system of gas and steam turbines, the air fuel ratio of the solid oxide fuel cell (SOFC), and load patterns.",Study on the dynamic characteristics of an integrated coal gasification fuel cell combined cycle,10.1016/j.ijhydene.2015.09.009
3,997,"Moreover, using the model, an example of an electric power load pattern in Japan was examined.",Study on the dynamic characteristics of an integrated coal gasification fuel cell combined cycle,10.1016/j.ijhydene.2015.09.009
4,997,"Because the supply and demand difference in electric power can be monitored as frequency deviation in a power network, the frequency of each power generator was analyzed.",Study on the dynamic characteristics of an integrated coal gasification fuel cell combined cycle,10.1016/j.ijhydene.2015.09.009
5,997,"Consequently, the output of IGFC gas and steam turbines could not be controlled in the target range.",Study on the dynamic characteristics of an integrated coal gasification fuel cell combined cycle,10.1016/j.ijhydene.2015.09.009
6,997,"Therefore, it was necessary to stabilize the quantity of exhaust heat by improving the heat transfer speed of the SOFC.",Study on the dynamic characteristics of an integrated coal gasification fuel cell combined cycle,10.1016/j.ijhydene.2015.09.009
7,997,"Copyright (C) 2015, Hydrogen Energy Publications, LLC.",Study on the dynamic characteristics of an integrated coal gasification fuel cell combined cycle,10.1016/j.ijhydene.2015.09.009
8,997,Published by Elsevier Ltd.,Study on the dynamic characteristics of an integrated coal gasification fuel cell combined cycle,10.1016/j.ijhydene.2015.09.009
9,997,All rights reserved.,Study on the dynamic characteristics of an integrated coal gasification fuel cell combined cycle,10.1016/j.ijhydene.2015.09.009
